2297594568 1304834363 199636291
964984478 962777545 102011627
3376226732 2612009119 78542873
3210191679 3257561655 73324720
960734175 2732971245 4250303
3552752951 3643184542 128526794
1654967093 1268999863 35834500
2805486965 2087320949 359714826
72263011 1608745500 171195806
4225512580 3861994731 69454716
1240952852 431398165 68767410
3695056291 298067962 76655045
1309720262 500165575 32124036
2768212426 260793423 37274539
258896561 532289611 263781213
1967976997 1084282606 71977571
2255175315 2690551992 42419253
1514000396 0 28227011
0 2539746108 72263011
3283516399 2447035775 92710333
1233825691 3330886375 7127161
614836670 2866104927 345897505
1341844298 88637325 172156098
2039954568 1779941306 215220747
3861994731 3931449447 363517849
1950982711 414403879 16994286
3454769605 3219988623 37573032
1690801593 3433704416 164490238
1855291831 3338013536 95690880
1195879484 1080226916 4055690
522677774 1995162053 92158896
2601505705 796070824 166706721
2497230859 1504470654 104274846
1199935174 380513362 33890517
3492342637 28227011 60410314
1066996105 2737221548 128883379
243458817 1064789172 15437744
3165201791 3598194654 44989888
3689265936 374723007 5790355
3681279745 3212002432 7986191
1542227407 1156260177 112739686